# Bear in mind that the syntax of this file makes the first province number within the brackets is the state capital. I know, it's tempting to put them in numerical order.

dheknam = {
	14 42 43 44 45
}

eretald = {
	9 11 12 34
	46 47 48 49
	50 51 52 53 54 55 56 57 58 59
	60 61 62 63 64 65 66 67 68 69
	70 71 72 73 74 75 76 77 78 79
	80 81 82 83
}

feinae = {
	109 110 111 112 113
}

luduyn = {
	93 94 95 96 97 98 99
	100 101
}

quebec = {
	102 103 104 105 106 107 108
}

somoyi = {
	84 85 86 87 88 89
	90 91 92
}

# West Erelae
STATE_1 = { 1 2 3 4 5 6 7 }

# East Erelae
STATE_2 = {
	8 9 10 11 12 13 14 15
	34 35 36 37 38 39
	40 41 42 43 44 45 46 47 48 49
	50 51 52 53 54 55 56 57 58 59
	60 61 62 63 64 65 66 67 68 69
	70 71 72 73 74 75 76 77 78 79
	80 81 82 83 84 85 86 87 88 89
	90 91 92 93 94 95 96 97 98 99
	100 101 102 103 104 105 106 107 108 109
	110 111 112 113
}

erelae = {
	1 2 3 4 5 6 7 8 9
	10 11 12 13 14 15
	34 35 36 37 38 39
	40 41 42 43 44 45 46 47 48 49
	50 51 52 53 54 55 56 57 58 59
	60 61 62 63 64 65 66 67 68 69
	70 71 72 73 74 75 76 77 78 79
	80 81 82 83 84 85 86 87 88 89
	90 91 92 93 94 95 96 97 98 99
	100 101 102 103 104 105 106 107 108 109
	110 111 112 113
}
